3280
2920
2559
2199
1839
1479
1119
759
399
39
3279
2918
2558
2198
1838
1478
1118
758
398
39
3278
2917
2557
2197
1837
1477
1117
757
397
38
3276
2917
2556
2196
1836
1476
1116
756
397
37
3276
2916
2555
2195
1835
1475
1115
755
395
35
3275
2914
2554
2194
1834
1474
1114
754
394
35
3274
2914
2553
2193
1833
1473
1113
753
393
34
3273
2912
2552
2192
1832
1472
1112
752
393
33
3271
2911
2551
2191
1831
1471
1111
751
391
32
3270
2910
2550
2190
1830
1470
1110
750
390
31
3270
2909
2549
2189
1829
1469
1109
749
389
30
3268
2908
2548
2188
1828
1468
1108
748
389
29
3267
2907
2547
2187
1827
1467
1107
747
387
28
3267
2906
2546
2186
1826
1466
1106
746
387
27
3266
2905
2545
2185
1825
1465
1105
745
385
26
3264
2904
2544
2184
1824
1464
1104
744
384
25
3264
2903
2543
2183
1823
1463
1103
743
384
24
3262
2902
2542
2182
1822
1462
1102
742
382
23
3261
2901
2541
2181
1821
1461
1102
742
382
22
3260
2900
2540
2180
1820
1460
1100
740
381
21
3259
2899
2539
2179
1819
1459
1099
739
380
20
3259
2898
2538
2178
1818
1459
1099
739
379
19
3258
2897
2537
2177
1817
1457
1097
737
377
18
3256
2896
2536
2176
1816
1456
1096
737
377
17
3256
2896
2535
2175
1815
1455
1095
735
375
16
3255
2894
2534
2174
1814
1454
1094
734
374
15
3254
2893
2533
2173
1813
1453
1093
733
373
14
3252
2892
2532
2172
1812
1452
1092
732
372
12
3252
2891
2531
2171
1811
1451
1091
731
372
12
3251
2890
2530
2170
1810
1450
1090
730
370
11
3249
2889
2529
2169
1809
1449
1089
729
369
10
3249
2888
2528
2168
1808
1448
1088
728
369
9
3248
2887
2527
2167
1807
1447
1087
727
367
8
3247
2886
2526
2166
1806
1446
1086
726
366
7
3245
2885
2525
2165
1805
1445
1085
725
365
6
3245
2884
2524
2164
1804
1444
1084
724
364
5
3243
2883
2523
2163
1803
1443
1083
723
363
4
3243
2882
2522
2162
1802
1442
1082
722
362
3
3242
2882
2521
2161
1801
1441
1081
721
362
2
3241
2880
2520
2160
1800
1440
1080
720
361

